[gd_scene load_steps=8 format=3 uid="uid://bvdr8hqjwftth"]

[ext_resource type="Script" path="res://rooms/room.gd" id="1_5rwtt"]
[ext_resource type="Script" path="res://rooms/camera_doll.gd" id="1_c2bd5"]
[ext_resource type="Material" uid="uid://poqdvy8mrw6s" path="res://rooms/materials/play_floor_mat.tres" id="2_erlew"]
[ext_resource type="Environment" uid="uid://dvkctexm75m4g" path="res://rooms/materials/environment_room_a.tres" id="2_kfhf2"]

[sub_resource type="BoxMesh" id="BoxMesh_rqan4"]
material = ExtResource("2_erlew")
size = Vector3(100, 1, 100)

[sub_resource type="BoxShape3D" id="BoxShape3D_yh6jf"]
size = Vector3(200, 1, 200)

[sub_resource type="Curve3D" id="Curve3D_mndng"]
_data = {
"points": PackedVector3Array(0.305254, 2.37928, 1.78386, 0, -2.379, -3, 0, 25, 25, 0, 2.106, 2.521, 0, -2.106, -2.521, 0, 3.003, 9, 0, 0, 0, 0, 0, 0, 0, 0.768, 2.216),
"tilts": PackedFloat32Array(0, 0, 0)
}
point_count = 3

[node name="room_a" type="Node3D" groups=["room"]]
script = ExtResource("1_5rwtt")

[node name="floor" type="MeshInstance3D" parent="."]
mesh = SubResource("BoxMesh_rqan4")

[node name="StaticBody3D" type="StaticBody3D" parent="floor" groups=["floor"]]
collision_layer = 17

[node name="CollisionShape3D" type="CollisionShape3D" parent="floor/StaticBody3D"]
shape = SubResource("BoxShape3D_yh6jf")

[node name="camera_doll" type="Node3D" parent="."]
script = ExtResource("1_c2bd5")
active = false

[node name="cam_path" type="Path3D" parent="camera_doll"]
curve = SubResource("Curve3D_mndng")

[node name="cam_follow" type="PathFollow3D" parent="camera_doll/cam_path"]
transform = Transform3D(1, 0, 0, 0, 0.783522, 0.621333, 0, -0.621333, 0.783522, 0, 25, 25)

[node name="camera_room" type="Camera3D" parent="camera_doll/cam_path/cam_follow"]
transform = Transform3D(1, 0, 0, 0, 0.945115, -0.326738, 0, 0.326738, 0.945115, 0, 0, 0)

[node name="WorldEnvironment" type="WorldEnvironment" parent="."]
environment = ExtResource("2_kfhf2")

[node name="DirectionalLight3D" type="DirectionalLight3D" parent="."]
transform = Transform3D(1, 0, 0, 0, -0.197828, 0.980237, 0, -0.980237, -0.197828, 0, 0, 0)
shadow_enabled = true

[node name="spawn_ray" type="RayCast3D" parent="."]
transform = Transform3D(1, 0, 0, 0, 1, 0, 0, 0, 1, 0, 31.9869, 0)
target_position = Vector3(0, -50, 0)
debug_shape_custom_color = Color(0.985913, 0.630335, 0.346601, 1)
debug_shape_thickness = 5

[connection signal="input_event" from="floor/StaticBody3D" to="." method="_on_static_body_3d_input_event"]
